0.327460827677778 0.303672208588928 0.545975703081144 0.016744674319646
0.173104159154801 0.514895968734129 0.3428952417519   0.167760069349943
0.834448001715532 0.799028544554455 0.991954911345611 0.196722856363269
0.327933321453323 0.990696851312582 0.193807399332642 0.153489902434084
0.202639384547236 0.037346357215883 0.17258819935966  0.015566744963047
0.747871280051979 0.151776602260061 0.262633171099265 0.884024157294227
0.725380025342922 0.786556641277211 0.984625991241548 0.792957610498664
0.081268926976682 0.584030314286137 0.216519156547208 0.144210458684899
0.729979812930215 0.75295377947978  0.220046586180777 0.533804028289276
0.475329356308233 0.578357189790708 0.373040685113265 0.673757989423534
0.086416540175176 0.986799674844679 0.114739949744136 0.73798171184931
0.272165827546708 0.083140778980765 0.917642362429928 0.341645229529764
0.15741027940512  0.263013457729415 0.39284444996615  0.754340846446745
0.443737782096465 0.162721016464634 0.60721978837456  0.204319589307273
0.763351868054648 0.291045752667569 0.092666649308906 0.820920275165529
0.505871091177131 0.04969692226809  0.538744694528397 0.923665718095845
0.168377623223937 0.927699972613557 0.113670985907882 0.129282714307308
0.714333920847108 0.032159702047119 0.548782298924036 0.66885903256906
0.781264021790054 0.97309469913221  0.625841765574239 0.739496220778685
0.655285935513708 0.611717131069366 0.67476584071446  0.360351398581518
0.079857667790246 0.671676752243166 0.128267782866806 0.729236548023257
0.638113339890225 0.750722690632202 0.314710052609195 0.45051025882881
0.813565976345267 0.215288283500764 0.001928973438666 0.165794015877443
0.421166058026843 0.543130668153047 0.559187912845462 0.72330353874180
