2.945686438493538492e-02
2.846923303024477200e-02
6.167025332815923022e-02
4.075686202628283489e-02
2.208899373656286053e-02
4.565366449685349243e-02
6.835149364656693816e-02
2.802871287555125032e-02
4.565980851101844595e-02
4.081581535219465373e-02
4.749335429677641746e-02
3.884503745729422919e-02
3.499135268903900975e-02
3.181320774084835101e-02
4.421741354621587516e-02
4.511591759145449493e-02
3.674618262544424724e-02
4.265717157593062331e-02
6.406762324995074476e-02
4.489037670130728575e-02
3.825589087127614224e-02
4.288121432535240557e-02
3.357815201383312215e-02
4.349540392690722651e-02
